Uniprot	Family	Domain	Repeat	Motif	Coiled-coil	Disordered
Q03330	1	1	0	0	0	0	2
P38828	0	1	0	0	0	0	1
Q99190	1	0	0	0	0	0	1
P32364	0	1	0	0	0	0	1
P39935	1	1	0	0	0	0	2
P47035	1	0	0	0	0	0	1
P36100	1	1	0	0	0	0	2
P41815	1	0	0	0	0	0	1
Q07457	1	1	0	0	0	0	2
P36009	1	3	0	0	0	0	4
P53551	0	2	0	0	0	0	2
P12753	0	1	0	1	0	0	2
Q06337	0	2	0	0	0	0	2
P50947	0	1	0	0	0	0	1
Q03144	0	1	0	0	0	0	1
P31382	2	1	0	0	0	0	3
P38779	0	1	0	0	0	0	1
P31109	1	0	0	0	0	0	1
Q07896	2	0	0	0	0	0	2
P53177	1	0	0	0	0	0	1
Q04177	1	0	0	0	0	0	1
Q06489	1	0	0	0	0	0	1
P48412	1	0	0	0	0	0	1
Q12102	1	1	0	0	0	0	2
P36148	1	0	0	0	0	0	1
P53111	1	0	0	0	0	0	1
Q99385	2	0	0	0	0	0	2
Q12084	0	1	0	0	0	0	1
P43572	1	0	0	0	0	0	1
P35197	0	1	0	0	0	0	1
Q12256	1	0	0	0	0	0	1
Q12746	0	2	0	0	0	0	2
Q02457	0	2	0	0	0	0	2
P40459	1	0	0	0	0	0	1
P40557	0	1	0	0	0	0	1
Q92317	0	1	0	0	0	0	1
P27697	1	0	0	0	0	0	1
P53721	1	0	0	0	0	0	1
P06787	0	2	0	0	0	0	2
P21801	0	2	0	0	0	0	2
P53954	2	0	0	0	0	0	2
P53894	0	2	0	0	0	0	2
Q12403	0	1	0	0	0	0	1
P34222	1	0	0	0	0	0	1
P53840	1	0	0	0	0	0	1
P38314	0	1	0	0	0	0	1
Q06708	0	1	1	0	0	0	2
P53604	0	1	0	0	0	0	1
Q08204	0	1	0	0	0	0	1
P11484	1	0	0	0	0	0	1
P16550	1	0	0	0	0	0	1
P38086	3	0	0	0	0	0	3
P0CE41	0	1	0	0	0	0	1
P48164	1	0	0	0	0	0	1
Q99271	3	0	0	0	0	0	3
P38786	0	1	0	0	0	0	1
Q08601	0	1	0	0	0	0	1
Q08986	1	0	0	0	0	0	1
P40164	1	0	0	0	0	0	1
P18759	0	4	0	0	0	0	4
P38344	1	0	0	0	0	0	1
Q12100	0	1	0	0	0	0	1
P11792	1	3	0	0	0	0	4
P38121	2	0	0	0	0	0	2
P21375	1	0	0	0	0	0	1
P32527	0	2	0	0	0	0	2
P25382	0	1	7	0	0	0	8
P42935	0	0	5	0	0	0	5
P07170	0	2	0	0	0	0	2
Q12028	1	1	0	0	0	0	2
Q04225	1	0	2	0	0	0	3
Q12211	0	1	0	0	0	0	1
P32528	3	4	0	0	0	0	7
Q01590	2	0	0	0	0	0	2
P40480	0	0	3	0	0	0	3
Q08446	0	2	0	0	0	0	2
P38886	0	1	0	0	0	0	1
P12754	1	0	0	0	0	0	1
P35728	0	2	0	0	0	0	2
Q08421	1	0	0	0	0	0	1
P15442	0	6	0	0	0	0	6
P17157	0	1	0	0	0	0	1
P47029	0	2	0	0	0	0	2
Q01560	0	2	0	0	0	0	2
Q12359	1	0	0	0	0	0	1
Q03503	1	0	0	0	0	0	1
P06634	1	1	0	0	0	0	2
P38628	1	1	0	0	0	0	2
P28737	0	1	0	0	0	0	1
Q06436	0	1	0	0	0	0	1
Q04002	1	1	0	0	0	0	2
Q04697	1	0	0	0	0	0	1
Q06169	1	0	0	0	0	0	1
P48563	2	1	0	0	0	0	3
P53923	1	0	0	0	0	0	1
Q12753	0	1	0	0	0	0	1
Q12118	0	1	2	0	0	0	3
P38820	0	2	0	0	0	0	2
P17891	1	0	0	0	0	0	1
P32899	1	1	0	0	0	0	2
P40094	1	0	0	0	0	0	1
P46672	0	1	0	0	0	0	1
P38219	1	1	0	0	0	0	2
P47083	1	0	0	0	0	0	1
P30771	0	4	0	0	0	0	4
Q06706	1	0	0	0	0	0	1
P54784	0	2	0	0	0	0	2
P33322	3	1	0	0	0	0	4
Q08001	1	1	0	0	0	0	2
Q12043	2	0	0	0	0	0	2
P53378	0	2	0	0	0	0	2
P38930	0	1	0	0	0	0	1
P36525	1	0	0	0	0	0	1
P42942	2	0	0	0	0	0	2
P43558	1	0	0	0	0	0	1
P53881	0	1	0	0	0	0	1
Q05942	1	0	0	0	0	0	1
Q02608	1	0	0	0	0	0	1
P32644	0	3	0	0	0	0	3
P32776	0	3	0	0	0	0	3
Q12511	1	0	0	0	0	0	1
P06782	0	3	0	0	0	0	3
P35178	1	0	0	0	0	0	1
P30665	0	3	0	0	0	0	3
Q12496	1	1	0	0	0	0	2
P53742	1	1	0	0	0	0	2
P32807	1	2	0	0	0	0	3
P25293	1	0	0	0	0	0	1
P06103	1	1	0	0	0	0	2
P40851	1	1	0	0	0	0	2
P40578	0	1	1	0	0	0	2
Q06179	3	4	0	0	0	0	7
Q03559	1	0	0	0	0	0	1
P32464	1	0	0	0	0	0	1
P40066	0	0	4	0	0	0	4
Q04458	1	0	0	0	0	0	1
P25334	0	1	0	0	0	0	1
Q03660	1	0	0	0	0	0	1
P47988	0	2	0	0	0	0	2
P32445	0	1	0	0	0	0	1
P41543	1	0	0	0	0	0	1
P40088	1	0	0	0	0	0	1
P36057	0	1	0	0	0	0	1
P13188	2	2	0	0	0	0	4
Q08965	1	2	0	0	0	0	3
P40364	1	0	0	0	0	0	1
Q03088	1	0	0	0	0	0	1
P14020	1	0	0	0	0	0	1
Q04212	0	1	0	0	0	0	1
P34226	0	0	7	0	0	0	7
Q07951	1	0	0	0	0	0	1
P53733	0	1	0	0	0	0	1
P40340	0	2	0	0	0	0	2
P38993	0	3	0	0	0	0	3
Q05874	1	0	0	0	0	0	1
P38687	1	0	0	0	0	0	1
P16603	0	3	0	0	0	0	3
P02406	1	0	0	0	0	0	1
P32873	0	3	0	0	0	0	3
P04161	0	1	0	0	0	0	1
P27692	1	1	1	0	0	0	3
P34162	1	0	0	0	0	0	1
P25294	0	2	0	0	0	0	2
Q08925	0	1	0	0	0	0	1
P02994	0	3	0	0	0	0	3
P06101	0	3	0	0	0	0	3
P53836	0	1	0	0	0	0	1
P38138	2	1	0	0	0	0	3
P47044	1	0	0	0	0	0	1
P30605	1	0	0	0	0	0	1
P53064	0	1	0	0	0	0	1
P48234	0	1	0	0	0	0	1
Q04493	0	0	0	0	1	0	1
Q99321	0	1	0	0	0	0	1
P42842	0	0	1	0	0	0	1
P38708	0	3	0	0	0	0	3
P39727	1	1	0	0	0	0	2
Q02256	0	1	0	0	0	0	1
Q12389	1	2	0	0	0	0	3
P49334	1	0	0	0	0	0	1
P40059	0	1	0	0	0	0	1
P20459	1	1	0	0	0	0	2
P48362	2	0	0	0	0	0	2
P36088	0	1	0	0	0	0	1
P35817	1	2	0	0	0	0	3
P25631	0	0	1	0	0	0	1
P15703	0	1	0	0	0	0	1
P38837	1	0	0	0	0	0	1
P53899	1	0	0	0	0	0	1
P38070	1	1	0	0	0	0	2
Q12374	1	0	0	0	0	0	1
Q12514	2	0	0	0	0	0	2
P06182	1	0	0	0	0	0	1
P40159	1	0	0	0	0	0	1
Q05518	1	0	0	0	0	0	1
P53600	0	1	0	0	0	0	1
Q12136	0	1	0	0	0	0	1
Q03280	3	1	0	0	0	0	4
P15367	0	1	0	0	0	0	1
P22147	1	0	0	0	0	0	1
P22135	1	0	0	0	0	0	1
Q02724	0	1	0	0	0	0	1
P80428	1	0	0	0	0	0	1
P38604	0	2	0	0	0	0	2
P53246	0	1	0	0	0	0	1
P38315	1	0	0	0	0	0	1
P33895	1	0	0	0	0	0	1
P46682	1	0	0	0	0	0	1
P33203	4	2	0	0	0	0	6
P39524	4	0	0	0	0	0	4
P31412	1	0	0	0	0	0	1
P47149	1	0	0	0	0	0	1
P25373	0	1	0	0	0	0	1
P38771	0	1	0	0	0	0	1
P12383	0	2	0	0	0	0	2
P14306	0	1	0	0	0	0	1
P40469	0	2	0	0	0	0	2
Q07938	0	1	0	0	0	0	1
P40460	1	0	0	0	0	0	1
P25389	0	2	0	0	0	0	2
P19454	0	1	0	0	0	0	1
P38810	0	5	0	0	0	0	5
Q08826	0	1	0	0	0	0	1
Q04675	0	1	0	0	0	0	1
P40485	0	1	0	0	0	0	1
P09547	0	1	0	0	0	0	1
P53759	1	0	0	0	0	0	1
P18480	1	0	0	0	0	0	1
P25357	0	2	0	0	0	0	2
P11914	1	1	0	0	0	0	2
P07834	0	2	5	0	0	0	7
Q06336	0	3	0	0	0	0	3
P11433	0	4	0	0	0	0	4
P53914	3	1	0	0	0	0	4
Q03516	3	1	0	0	0	0	4
Q12143	1	0	0	0	0	0	1
P09880	1	2	0	0	0	0	3
P41911	1	1	0	0	0	0	2
P40024	0	3	0	0	0	0	3
P41318	0	0	4	0	0	0	4
P25627	1	1	0	0	0	0	2
P45818	1	1	0	0	0	0	2
P32898	2	2	0	0	0	0	4
Q05635	1	0	0	0	0	0	1
P43123	1	0	0	0	0	0	1
P31115	0	1	0	0	0	0	1
P32902	1	0	0	0	0	0	1
P39993	0	2	0	0	0	0	2
P21771	0	1	0	0	0	0	1
Q05050	1	0	0	0	0	0	1
P53011	0	0	4	0	0	0	4
P36104	0	0	2	0	0	0	2
P36006	1	2	0	0	0	0	3
P53334	0	1	0	0	0	0	1
P38254	2	0	0	0	0	0	2
P32660	3	0	0	0	0	0	3
Q03656	0	2	0	0	0	0	2
Q12429	1	1	0	0	0	0	2
P32867	1	1	0	0	0	0	2
P26755	0	1	0	0	0	0	1
P43583	1	2	0	0	0	0	3
P53202	1	1	0	0	0	0	2
P32910	1	0	0	0	0	0	1
Q12504	1	0	0	0	0	0	1
Q99297	3	0	0	0	0	0	3
P38331	0	1	0	0	0	0	1
P38756	0	1	0	0	0	0	1
P25039	0	5	0	0	0	0	5
P34220	0	1	0	0	0	0	1
P14832	0	1	0	0	0	0	1
P34219	0	1	0	0	0	0	1
Q03266	0	1	0	0	0	0	1
P35845	1	1	1	0	0	0	3
Q06639	0	1	0	0	0	0	1
P32331	3	0	0	0	0	0	3
P34248	1	0	0	0	0	0	1
P0CX25	1	0	0	0	0	0	1
P40032	0	1	0	0	0	0	1
P53691	0	1	0	0	0	0	1
P47135	0	1	3	0	0	0	4
P25045	0	1	0	0	0	0	1
P25635	1	0	5	0	0	0	6
P47102	0	2	0	0	0	0	2
P53844	0	2	0	0	0	0	2
P38772	0	1	0	0	0	0	1
Q12250	0	1	0	0	0	0	1
P25567	0	1	0	0	0	0	1
P33442	1	0	0	0	0	0	1
P36040	1	0	0	0	0	0	1
P35844	1	0	0	0	0	0	1
P35732	1	0	0	0	0	0	1
P40018	0	1	0	0	0	0	1
Q12680	1	5	0	0	0	0	6
Q99260	0	1	0	0	0	0	1
Q12149	0	3	0	0	0	0	3
P38286	0	1	0	0	0	0	1
P38041	0	3	0	0	0	0	3
Q05584	1	1	0	0	0	0	2
P43593	1	0	0	0	0	0	1
P40055	0	1	0	0	0	0	1
P04051	0	5	0	0	0	0	5
Q05541	1	0	0	0	0	0	1
P19073	0	1	0	0	0	0	1
Q00916	1	1	0	0	0	0	2
Q03219	0	1	0	0	0	0	1
P39936	1	1	0	0	0	0	2
P36152	1	1	0	0	0	0	2
P32487	1	0	0	0	0	0	1
P36056	2	0	0	0	0	0	2
P42900	1	0	0	0	0	0	1
P38065	1	1	0	0	0	0	2
P51401	0	2	0	0	0	0	2
P50102	1	1	0	0	0	0	2
P15303	0	5	0	0	0	0	5
Q00772	0	1	0	0	0	0	1
P49367	1	1	0	0	0	0	2
Q03799	0	1	0	0	0	0	1
P33302	3	3	0	0	0	0	6
Q00873	1	0	0	0	0	0	1
P53909	0	1	0	0	0	0	1
P41896	1	0	0	0	0	0	1
P33891	1	0	0	0	0	0	1
P04819	2	1	0	0	0	0	3
P53920	0	4	0	0	0	0	4
P41819	0	1	0	0	0	0	1
Q06406	0	1	0	0	0	0	1
P53981	1	0	0	0	0	0	1
P22082	2	4	0	0	0	0	6
P39719	1	1	0	0	0	0	2
P47165	0	1	0	0	0	0	1
P28708	0	1	0	0	0	0	1
P40360	1	0	0	0	0	0	1
P32784	1	0	0	0	0	0	1
Q03769	0	1	0	0	0	0	1
P15731	0	1	0	0	0	0	1
P29295	0	1	0	0	0	0	1
P50107	0	2	0	0	0	0	2
Q86ZR7	1	0	0	0	0	0	1
P42949	1	0	0	0	0	0	1
P38222	1	0	0	0	0	0	1
Q12434	0	1	0	0	0	0	1
P12866	2	2	0	0	0	0	4
P52490	0	1	0	0	0	0	1
P32602	0	1	0	0	0	0	1
P47137	0	1	0	0	0	0	1
P31380	2	0	0	0	0	0	2
P12904	0	3	0	0	0	0	3
Q12339	1	0	0	0	0	0	1
P06174	1	0	0	0	0	0	1
Q04602	1	0	0	0	0	0	1
P53200	1	0	0	0	0	0	1
P38856	0	1	0	0	0	0	1
P53043	1	1	0	0	0	0	2
P38131	1	0	0	0	0	0	1
P48524	2	0	0	0	0	0	2
P40487	1	0	0	0	0	0	1
Q99287	1	0	0	0	0	0	1
Q02959	0	1	0	0	0	0	1
P32802	1	0	0	0	0	0	1
P40533	0	1	0	0	0	0	1
P40850	3	0	0	0	0	0	3
P32909	0	1	0	0	0	0	1
P32591	1	2	0	0	0	0	3
P21672	1	2	0	0	0	0	3
P32504	1	1	0	0	0	0	2
Q12387	1	0	0	0	0	0	1
P14922	0	0	2	0	0	0	2
Q05040	1	0	0	0	0	0	1
P46988	0	0	0	0	1	0	1
Q12068	1	0	0	0	0	0	1
P40157	2	0	0	0	0	0	2
P53335	1	0	0	0	0	0	1
P11978	0	1	0	0	0	0	1
P31384	0	1	2	0	0	0	3
P36018	0	1	0	0	0	0	1
P10662	0	2	0	0	0	0	2
P32590	1	0	0	0	0	0	1
P40362	0	0	2	0	0	0	2
P40535	1	0	0	0	0	0	1
P10591	1	0	0	0	0	0	1
Q00055	1	1	0	0	0	0	2
P25626	1	0	0	0	0	0	1
P35182	1	0	0	0	0	0	1
Q08217	0	1	0	0	0	0	1
P24783	1	1	0	0	0	0	2
Q06010	2	2	0	0	0	0	4
P06839	1	2	0	0	0	0	3
P10823	0	1	0	0	0	0	1
P53860	0	2	0	0	0	0	2
P40343	0	2	0	2	0	0	4
P32563	1	0	0	0	0	0	1
Q12344	1	0	0	0	0	0	1
P33328	1	0	0	0	0	0	1
P40482	0	5	0	0	0	0	5
Q12518	0	1	0	0	0	0	1
P24482	1	0	0	0	0	0	1
P20485	2	0	0	0	0	0	2
P53009	0	1	0	0	0	0	1
P53929	0	1	0	0	0	0	1
P15992	1	0	0	0	0	0	1
P38809	1	0	0	0	0	0	1
Q12271	1	1	0	0	0	0	2
P36049	1	0	0	0	0	0	1
P47112	0	1	0	0	0	0	1
P20447	1	1	0	0	0	0	2
P38759	0	1	0	0	0	0	1
Q07468	0	2	0	0	0	0	2
Q02046	0	2	0	0	0	0	2
Q03677	0	1	0	0	0	0	1
Q06488	0	3	0	0	0	0	3
Q04958	1	1	0	0	0	0	2
Q12230	1	0	0	0	0	0	1
P36095	1	0	0	0	0	0	1
P53221	2	0	0	0	0	0	2
P38910	0	1	0	0	0	0	1
Q07953	1	1	0	0	0	0	2
P32458	0	1	0	0	0	0	1
Q05775	1	0	0	0	0	0	1
Q12415	1	1	0	0	0	0	2
Q02486	0	2	0	0	0	0	2
P53292	1	0	0	0	0	0	1
Q02725	1	1	0	0	0	0	2
P33336	1	0	0	0	0	0	1
P32896	1	1	0	0	0	0	2
Q03761	0	1	0	0	0	0	1
P32908	0	2	0	0	0	0	2
P34253	0	1	0	0	0	0	1
Q03784	2	0	0	0	0	0	2
P25374	0	1	0	0	0	0	1
P40160	1	1	0	0	0	0	2
Q03976	1	0	0	0	0	0	1
Q08224	2	0	0	0	0	0	2
P32597	2	3	0	0	0	0	5
P34237	1	0	0	0	0	0	1
P22213	1	0	0	0	0	0	1
P47166	1	0	0	0	1	0	2
P39105	1	0	0	0	0	0	1
P38080	0	1	0	0	0	0	1
Q12386	1	0	0	0	0	0	1
P22353	1	0	0	0	0	0	1
P40474	1	0	0	0	0	0	1
Q04373	0	1	0	0	0	0	1
P25642	0	1	0	0	0	0	1
P39081	1	0	0	0	0	0	1
P16474	1	0	0	0	0	0	1
P38174	0	1	0	0	0	0	1
P51534	1	0	0	0	0	0	1
P22579	1	1	3	0	0	0	5
P39968	0	0	8	0	0	0	8
P53318	1	0	0	0	0	0	1
P19880	2	0	0	0	0	0	2
P13298	0	1	0	0	0	0	1
Q06168	2	0	0	0	0	0	2
P34241	2	0	0	0	0	0	2
P38074	1	0	0	0	0	0	1
P12887	0	1	0	0	0	0	1
P25297	1	0	0	0	0	0	1
P47017	0	1	0	0	0	0	1
Q08282	1	0	1	0	0	0	2
P15646	0	1	0	0	0	0	1
P06700	2	0	0	0	0	0	2
P39966	1	0	0	0	0	0	1
P48445	1	2	0	0	0	0	3
P40328	0	2	0	0	0	0	2
Q07913	1	1	0	0	0	0	2
Q12296	1	0	0	0	0	0	1
Q12306	0	1	0	0	0	0	1
Q00684	0	2	0	0	0	0	2
P22137	7	2	1	0	0	0	10
P40150	1	0	0	0	0	0	1
P38875	1	0	0	0	0	0	1
P39938	1	0	0	0	0	0	1
P22146	0	2	0	0	0	0	2
P48365	1	0	0	0	0	0	1
P47025	1	0	4	0	0	0	5
P39962	0	1	0	0	0	0	1
P53965	0	1	0	0	0	0	1
Q04410	0	1	0	0	0	0	1
Q07844	0	2	0	0	0	0	2
P36022	3	6	0	0	0	0	9
Q12163	0	1	0	0	0	0	1
P00958	1	1	0	0	0	0	2
Q03786	0	1	0	0	0	0	1
P39730	0	3	0	0	0	0	3
P33332	1	1	0	0	0	0	2
P40971	1	1	0	0	0	0	2
P38719	1	1	0	0	0	0	2
P36144	0	1	0	0	0	0	1
P09734	0	2	0	0	0	0	2
Q06218	1	1	0	0	0	0	2
P49166	1	0	0	0	0	0	1
Q12080	1	0	0	0	0	0	1
P38961	1	0	0	0	0	0	1
P29468	1	2	0	0	0	0	3
P32606	0	1	0	0	0	0	1
P45978	0	1	0	0	0	0	1
P29469	1	3	0	0	0	0	4
Q08972	0	3	0	0	0	0	3
P35719	1	0	0	0	0	0	1
P38903	1	0	0	0	0	0	1
Q99383	0	2	0	0	0	0	2
P53885	1	0	0	0	0	0	1
P40957	1	0	0	0	0	0	1
P43636	1	1	0	0	0	0	2
P12954	0	2	0	0	0	0	2
P46959	1	0	0	0	0	0	1
P47019	1	0	0	0	0	0	1
P40528	1	2	0	0	0	0	3
P46995	1	1	0	0	0	0	2
P46957	1	0	0	0	0	0	1
Q07807	0	0	6	0	0	0	6
P39945	0	2	0	0	0	0	2
Q99207	2	0	0	0	0	0	2
Q12532	2	1	0	0	0	0	3
Q12297	0	1	0	0	0	0	1
P36523	1	0	0	0	0	0	1
Q12156	0	1	0	0	0	0	1
Q12436	1	0	0	0	0	0	1
Q07655	0	1	0	0	0	0	1
P04911	1	1	0	0	0	0	2
P40015	0	1	0	0	0	0	1
P38137	1	1	0	0	0	0	2
P40486	1	0	0	0	0	0	1
P33418	1	0	0	0	0	0	1
P41910	1	0	0	0	0	0	1
Q01896	4	2	0	0	0	0	6
P38755	1	0	0	0	0	0	1
P53974	0	1	0	0	0	0	1
Q12181	0	3	0	0	0	0	3
P27515	0	2	0	0	0	0	2
P38829	1	0	0	0	0	0	1
Q06709	1	0	0	0	0	0	1
P08004	2	0	0	0	0	0	2
D6VTK4	1	0	0	0	0	0	1
P61830	0	1	0	0	0	0	1
P23615	1	5	0	0	0	0	6
P53336	1	0	0	0	0	0	1
P38694	1	0	0	0	0	0	1
P39729	3	0	0	0	0	0	3
O13563	1	0	0	0	0	0	1
P32916	1	4	0	0	0	0	5
P49435	0	1	0	0	0	0	1
P06780	0	1	0	0	0	0	1
Q92331	0	2	0	0	0	0	2
P53191	0	1	0	0	0	0	1
Q04947	1	0	0	0	0	0	1
P33892	2	0	0	0	0	0	2
P16664	1	0	0	0	0	0	1
Q04226	0	1	0	0	0	0	1
P49954	1	0	0	0	0	0	1
P39969	0	3	0	0	0	0	3
Q04175	0	2	0	0	0	0	2
Q06685	1	1	0	0	0	0	2
P33760	0	2	0	0	0	0	2
P38850	3	2	0	0	0	0	5
P23293	0	1	0	0	0	0	1
Q12275	2	1	0	0	0	0	3
P25846	0	4	0	0	0	0	4
Q06224	0	3	0	1	0	0	4
P53073	1	0	0	0	0	0	1
P46985	1	0	0	0	0	0	1
P32453	1	0	0	0	0	0	1
P22803	0	1	0	0	0	0	1
P36069	0	1	0	0	0	0	1
Q04183	1	0	0	0	0	0	1
P39107	1	0	0	0	0	0	1
Q06833	1	1	0	0	0	0	2
P50095	0	3	0	0	0	0	3
P53859	0	1	0	0	0	0	1
P33327	0	1	0	0	0	0	1
Q04660	0	1	3	0	0	0	4
Q04779	0	1	0	0	0	0	1
Q06137	0	2	0	0	0	0	2
P02381	1	0	0	0	0	0	1
Q02204	0	1	0	0	0	0	1
Q06494	0	1	0	0	0	0	1
P38146	0	1	0	0	0	0	1
P23641	3	0	0	0	0	0	3
P18963	2	0	0	0	0	0	2
Q12024	0	1	4	0	0	0	5
P38688	0	1	0	0	0	0	1
Q04013	3	0	0	0	0	0	3
Q04235	1	0	0	0	0	0	1
P32598	1	1	0	0	0	0	2
P32353	1	0	0	0	0	0	1
P25588	1	0	0	0	0	0	1
P38272	0	0	0	0	1	0	1
Q12196	1	0	0	0	0	0	1
Q03640	0	5	0	0	0	0	5
P53379	1	0	0	0	0	0	1
P23292	0	1	0	0	0	0	1
Q06078	0	1	1	0	0	0	2
P34244	0	1	0	0	0	0	1
Q08287	0	1	0	0	0	0	1
Q12692	1	1	0	0	0	0	2
P39990	0	1	0	0	0	0	1
P38112	1	1	0	0	0	0	2
Q08924	0	0	1	0	0	0	1
P32608	1	0	0	0	0	0	1
Q08199	1	0	0	0	0	0	1
Q04228	0	2	0	0	0	0	2
P39531	1	0	0	0	0	0	1
Q08687	1	0	0	0	0	0	1
Q05533	1	0	0	0	0	0	1
P47127	1	0	0	0	0	0	1
P38747	1	0	0	0	0	0	1
P40580	0	1	0	0	0	0	1
P22224	1	0	0	0	0	0	1
P40319	1	0	0	0	0	0	1
P33754	1	0	0	0	0	0	1
P40070	0	1	0	0	0	0	1
P27514	1	2	0	0	0	0	3
Q06629	0	1	0	0	0	0	1
P07264	1	1	0	0	0	0	2
P21951	2	1	0	0	0	0	3
P53115	2	1	0	0	0	0	3
P25298	2	0	0	0	0	0	2
P53250	0	2	0	0	0	0	2
P40029	1	0	0	0	0	0	1
P38854	1	0	0	0	0	0	1
P32875	1	1	0	0	0	0	2
P40347	0	1	0	0	0	0	1
P27351	1	0	0	0	0	0	1
Q06188	0	1	0	0	0	0	1
P35177	0	1	0	0	0	0	1
P38244	1	0	0	0	0	0	1
P47037	0	2	0	0	0	0	2
P22204	0	1	0	0	0	0	1
P38523	1	0	0	0	0	0	1
P06704	0	2	0	0	0	0	2
P53276	1	0	0	0	0	0	1
P41920	1	0	0	0	0	0	1
P40208	0	1	0	0	0	0	1
P40958	0	1	0	0	0	0	1
Q03529	1	1	0	0	0	0	2
Q05787	0	0	2	0	0	0	2
P36016	1	0	0	0	0	0	1
Q08144	1	0	0	0	0	0	1
P38805	0	1	0	0	0	0	1
Q02821	2	0	8	0	0	0	10
P38631	2	0	0	0	0	0	2
P39984	1	0	1	0	0	0	2
Q06677	0	1	0	0	0	0	1
P47124	1	0	0	0	0	0	1
P53955	0	1	0	0	0	0	1
P52892	0	1	0	0	0	0	1
Q02648	1	0	0	0	0	0	1
P05740	0	1	0	0	0	0	1
Q02767	1	0	0	0	0	0	1
P53203	1	0	0	0	0	0	1
P33416	0	3	0	0	0	0	3
Q05785	0	1	0	0	0	0	1
P41810	1	2	0	0	0	0	3
P28791	1	0	0	0	0	0	1
P39940	0	5	0	0	0	0	5
P69771	1	0	0	0	0	0	1
Q08977	3	0	0	0	0	0	3
P38712	1	1	0	0	0	0	2
P50896	1	0	0	0	0	0	1
P38262	0	1	3	0	0	0	4
P53145	1	0	0	0	0	0	1
P38144	2	2	0	0	0	0	4
P32471	0	2	0	0	0	0	2
Q08193	0	1	0	0	0	0	1
P53878	0	1	0	0	0	0	1
P53867	1	0	0	0	0	0	1
P50077	4	0	0	0	0	0	4
P38798	4	0	0	0	0	0	4
P47076	1	0	0	0	0	0	1
P38630	1	2	0	0	0	0	3
P38691	0	1	0	0	0	0	1
P53847	0	2	0	0	0	0	2
Q01454	1	0	0	0	0	0	1
P14680	0	1	0	0	0	0	1
P07248	0	2	0	0	0	0	2
Q12179	1	0	0	0	0	0	1
P40553	0	1	0	0	0	0	1
Q12159	0	1	0	0	0	0	1
P05375	1	0	0	0	0	0	1
P36101	0	1	0	0	0	0	1
P53184	1	0	0	0	0	0	1
P11353	1	0	0	0	0	0	1
P32288	0	2	0	0	0	0	2
P38251	0	1	0	0	0	0	1
P32317	1	0	0	0	0	0	1
P89105	0	0	1	0	0	0	1
P13712	1	0	2	0	0	0	3
Q02201	1	0	0	0	0	0	1
Q01802	0	1	0	0	0	0	1
P37262	0	1	0	0	0	0	1
P40356	1	0	0	0	0	0	1
P13433	1	1	0	0	0	0	2
P53972	1	0	0	0	0	0	1
P29704	0	1	0	0	0	0	1
P22336	1	3	0	0	0	0	4
Q04418	2	0	0	0	0	0	2
Q02931	0	0	1	0	0	0	1
P32525	0	2	0	0	0	0	2
P47173	1	1	0	0	0	0	2
P05317	2	0	0	0	0	0	2
P33750	1	0	4	0	0	0	5
Q12460	1	1	0	0	0	0	2
P22276	1	6	0	0	0	0	7
P15790	0	1	0	0	0	0	1
P38797	1	0	0	0	0	0	1
Q05123	1	0	0	0	0	0	1
P53114	1	0	0	0	0	0	1
P33201	1	0	0	0	0	0	1
Q06506	0	0	1	0	0	0	1
P38153	1	0	0	0	0	0	1
P49167	1	0	0	0	0	0	1
P32607	0	1	0	0	0	0	1
Q08649	2	0	0	0	0	0	2
P38427	2	0	0	0	0	0	2
Q99257	0	1	0	0	0	0	1
Q03655	0	1	0	0	0	0	1
P17065	1	0	0	0	0	0	1
P19812	1	0	0	0	0	0	1
P38862	0	2	0	0	0	0	2
P32486	1	0	0	0	0	0	1
Q04223	0	1	0	0	0	0	1
P53865	1	0	0	0	0	0	1
Q06287	1	0	0	0	0	0	1
Q12341	1	1	0	0	0	0	2
P35183	0	2	0	0	0	0	2
P0C2H8	1	0	0	0	0	0	1
P53120	2	0	0	0	0	0	2
Q03759	1	0	0	0	0	0	1
P30822	1	2	0	0	0	0	3
P40354	1	0	0	0	0	0	1
P40002	1	0	0	0	0	0	1
P25644	2	0	0	0	0	0	2
Q06252	0	1	0	0	0	0	1
Q07688	1	0	0	0	0	0	1
Q01662	0	2	0	0	0	0	2
P53330	1	0	0	0	0	0	1
Q12220	1	0	7	0	0	0	8
Q12178	1	0	0	0	0	0	1
P50087	1	0	0	0	0	0	1
P40986	0	1	0	0	0	0	1
P53228	0	1	0	0	0	0	1
Q04067	1	1	0	0	0	0	2
P53183	1	0	0	0	0	0	1
P38970	0	1	0	0	0	0	1
P51998	1	0	0	0	0	0	1
Q12176	1	0	0	0	0	0	1
P53863	1	1	0	0	0	0	2
Q99288	0	1	0	0	0	0	1
Q12133	1	0	0	0	0	0	1
P16120	1	1	0	0	0	0	2
P47160	0	1	0	0	0	0	1
P38339	0	1	0	0	0	0	1
Q06672	1	0	0	0	0	0	1
P53215	0	2	0	0	0	0	2
P53094	0	0	1	0	0	0	1
P05749	1	0	0	0	0	0	1
P38079	0	1	0	0	0	0	1
Q08746	1	0	0	0	0	0	1
Q08581	1	0	0	0	0	0	1
P39722	2	2	0	0	0	0	4
P32901	1	0	0	0	0	0	1
P53166	1	1	0	0	0	0	2
Q12315	1	0	0	0	0	0	1
Q12517	2	0	0	0	0	0	2
Q99369	0	1	0	0	0	0	1
P21538	0	2	0	0	0	0	2
P47008	0	1	0	0	0	0	1
P40457	1	0	0	0	0	0	1
P32839	0	2	0	0	0	0	2
Q12445	0	1	0	0	0	0	1
P38132	0	3	0	0	0	0	3
Q06321	2	2	0	0	0	0	4
P32567	1	1	0	0	0	0	2
P43596	1	0	0	0	0	0	1
P32477	1	0	0	0	0	0	1
P39533	1	1	0	0	0	0	2
P38151	0	3	0	0	0	0	3
P10507	1	1	0	0	0	0	2
P40466	1	1	0	0	0	0	2
Q08492	1	0	0	0	0	0	1
P00431	0	1	0	0	0	0	1
P40217	0	0	3	0	0	0	3
Q12754	0	1	0	0	0	0	1
P53295	3	0	0	0	0	0	3
Q12078	1	0	0	0	0	0	1
Q06608	0	1	0	0	0	0	1
P32447	1	0	0	0	0	0	1
P38626	0	2	0	0	0	0	2
P36051	2	0	0	0	0	0	2
P40484	1	0	0	0	0	0	1
P34223	0	3	0	0	0	0	3
P36131	1	0	0	0	0	0	1
P38803	1	0	0	0	0	0	1
P15700	0	1	0	0	0	0	1
P52920	1	0	0	0	0	0	1
P39015	1	0	0	0	0	0	1
P36123	1	0	0	0	0	0	1
Q08979	1	2	1	0	0	0	4
P40078	1	0	0	0	0	0	1
Q02260	0	1	0	0	0	0	1
P25336	0	5	0	0	0	0	5
P39009	1	1	0	0	0	0	2
Q04600	0	2	0	0	0	0	2
P47061	1	1	0	0	0	0	2
P07283	1	0	0	0	0	0	1
Q05854	0	2	0	0	0	0	2
P38260	1	0	0	0	0	0	1
P47116	0	1	0	0	0	0	1
P38295	0	1	0	0	0	0	1
Q12246	1	0	0	0	0	0	1
Q02629	8	0	0	0	0	0	8
P80210	0	1	0	0	0	0	1
P37263	0	1	0	0	0	0	1
P32379	0	2	0	0	0	0	2
Q07872	0	1	0	0	0	0	1
P13186	0	2	0	0	0	0	2
P32502	1	0	0	0	0	0	1
Q12329	1	0	0	0	0	0	1
Q02642	1	0	0	0	0	0	1
P38255	1	0	0	0	0	0	1
P10962	2	0	0	0	0	0	2
P40215	0	1	0	0	0	0	1
Q02100	1	1	0	0	0	0	2
P38716	0	1	0	0	0	0	1
P53959	0	1	0	0	0	0	1
P38250	1	0	0	0	0	0	1
Q06315	0	1	0	0	0	0	1
P34216	1	1	0	0	0	0	2
P41895	1	0	0	0	0	0	1
P54787	2	0	0	0	0	0	2
Q06053	2	0	0	0	0	0	2
P53137	1	0	0	0	0	0	1
P14741	1	0	0	0	0	0	1
P32892	1	1	0	0	0	0	2
P19524	1	1	0	0	0	0	2
P28000	0	1	0	0	0	0	1
P47079	1	0	0	0	0	0	1
P32465	1	0	0	0	0	0	1
Q03758	2	0	0	0	0	0	2
Q12091	0	1	0	0	0	0	1
Q12055	0	1	0	0	0	0	1
Q02792	1	0	0	0	0	0	1
P25454	0	2	0	0	0	0	2
P33334	0	7	0	0	0	0	7
P31374	0	1	0	0	0	0	1
P15624	0	2	0	0	0	0	2
P11745	0	0	2	0	0	0	2
P37297	2	0	0	0	0	0	2
P38181	0	2	0	0	0	0	2
P23180	0	1	0	0	0	0	1
P17106	0	1	0	0	0	0	1
O14467	1	1	0	0	0	0	2
P0CH08	1	1	0	0	0	0	2
P38111	3	1	0	0	0	0	4
P32349	1	1	0	0	0	0	2
P34078	1	0	0	0	0	0	1
P31755	1	0	0	0	0	0	1
Q06697	0	1	0	0	0	0	1
P53898	1	0	0	0	0	0	1
P26786	1	0	0	0	0	0	1
P38825	0	1	4	0	0	0	5
P46971	2	1	0	0	0	0	3
P53930	1	0	0	0	0	0	1
P40956	0	2	0	0	0	0	2
P33309	0	3	0	0	0	0	3
Q12675	3	0	0	0	0	0	3
P38304	1	0	0	0	0	0	1
P39998	0	2	0	0	0	0	2
P54837	0	1	0	0	0	0	1
P50111	0	1	0	0	0	0	1
P32521	1	3	0	0	0	0	4
P53271	1	0	0	0	0	0	1
P32639	3	2	0	0	0	0	5
P47006	1	0	0	0	0	0	1
P38130	1	0	0	0	0	0	1
Q12114	1	2	0	0	0	0	3
Q12745	0	1	0	0	0	0	1
P13185	0	2	0	0	0	0	2
P24521	2	0	0	0	0	0	2
P38988	2	0	0	0	0	0	2
P40564	0	2	0	0	0	0	2
P39106	1	0	0	0	0	0	1
P38261	1	1	0	0	0	0	2
P10592	1	0	0	0	0	0	1
P38773	1	0	0	0	0	0	1
Q03262	1	3	0	0	0	0	4
P03871	1	0	0	0	0	0	1
P25559	1	0	0	0	0	0	1
Q06689	1	0	0	0	0	0	1
P32342	0	1	0	0	0	0	1
P53010	2	0	0	0	0	0	2
Q01852	0	1	0	0	0	0	1
P41058	1	0	0	0	0	0	1
P33314	1	1	0	0	0	0	2
P32558	1	3	0	0	0	0	4
Q02206	0	2	0	0	0	0	2
P40506	2	0	0	0	0	0	2
Q06704	1	0	0	0	0	0	1
P38084	1	0	0	0	0	0	1
P32803	0	1	0	0	0	0	1
P39927	1	1	0	0	0	0	2
Q03768	0	1	0	0	0	0	1
P47122	0	1	0	0	0	0	1
P40089	0	1	0	0	0	0	1
Q06408	0	3	0	0	0	0	3
P13574	1	0	0	0	0	0	1
P40081	1	0	0	0	0	0	1
P08679	0	1	0	0	0	0	1
P39744	1	0	0	0	0	0	1
P18239	3	0	0	0	0	0	3
P47093	0	1	0	0	0	0	1
P38217	0	0	3	0	0	0	3
P32566	0	1	0	0	0	0	1
P38247	0	1	0	0	0	0	1
P23561	0	3	0	0	0	0	3
Q03944	1	0	0	0	0	0	1
Q02875	0	1	0	0	0	0	1
P06738	1	0	0	0	0	0	1
Q03281	0	2	0	0	0	0	2
P06102	2	0	0	0	0	0	2
P34160	1	2	0	0	0	0	3
P40035	3	0	0	0	0	0	3
Q12288	0	1	0	0	0	0	1
P49687	4	1	0	0	0	0	5
P32501	2	0	2	0	0	0	4
P32463	0	1	0	0	0	0	1
Q04924	2	0	0	0	0	0	2
P49017	1	0	0	0	0	0	1
P36775	1	2	0	0	0	0	3
Q04867	1	0	0	0	0	0	1
P17890	1	0	0	0	0	0	1
P32583	0	1	0	0	0	0	1
P52286	0	3	0	0	0	0	3
P45976	0	0	0	1	0	0	1
P28321	1	0	0	0	0	0	1
Q06132	2	0	0	0	0	0	2
P08456	1	0	0	0	0	0	1
P17121	0	1	0	0	0	0	1
P38120	1	0	0	0	0	0	1
P25344	0	2	0	0	0	0	2
P49723	0	1	0	0	0	0	1
P38013	0	1	0	0	0	0	1
P43582	0	1	0	0	0	0	1
P47169	2	1	2	0	0	0	5
Q00416	0	3	0	0	0	0	3
P32335	0	1	0	0	0	0	1
P47141	0	1	0	0	0	0	1
P21304	0	0	1	0	0	0	1
P32643	0	1	0	0	0	0	1
Q12362	2	0	0	0	0	0	2
P38116	0	1	0	0	0	0	1
Q02979	1	1	0	0	0	0	2
P14772	2	2	0	0	0	0	4
P32843	1	1	0	0	0	0	2
P47154	0	2	0	0	0	0	2
P33339	1	0	2	0	0	0	3
P25332	1	0	0	0	0	0	1
P53297	0	2	0	0	0	0	2
P32864	1	0	0	0	0	0	1
Q12221	0	1	3	0	0	0	4
P38737	1	0	0	0	0	0	1
Q08484	1	0	0	0	0	0	1
P40558	1	0	0	0	0	0	1
Q06325	1	0	0	0	0	0	1
P32657	2	3	0	0	0	0	5
Q08831	0	1	0	0	0	0	1
Q12495	1	0	0	0	0	0	1
P39692	0	2	0	0	0	0	2
Q06678	0	1	0	0	0	0	1
P48582	0	2	0	0	0	0	2
Q12038	1	0	0	0	0	0	1
P46956	1	0	0	0	0	0	1
P41811	1	0	4	0	0	0	5
P20795	1	0	0	0	0	0	1
P40010	2	0	0	0	0	0	2
Q99220	1	0	0	0	0	0	1
Q06096	0	1	0	0	0	0	1
P47818	1	0	0	0	0	0	1
P20053	0	0	4	0	0	0	4
P53316	0	3	0	0	0	0	3
P53983	0	1	0	0	0	0	1
Q06505	0	1	0	0	0	0	1
Q08817	1	0	1	0	0	0	2
P52911	0	1	0	0	0	0	1
P38929	3	2	0	0	0	0	5
Q08641	0	1	0	0	0	0	1
P0CX15	1	2	0	0	0	0	3
P33417	0	2	0	0	0	0	2
P53950	2	0	0	0	0	0	2
P60010	1	0	0	0	0	0	1
P53866	1	1	0	0	0	0	2
P05743	2	0	0	0	0	0	2
P43563	1	0	0	0	0	0	1
P28817	0	1	0	0	0	0	1
P32628	0	4	0	0	0	0	4
P25040	0	1	0	0	0	0	1
P32790	0	4	0	0	0	0	4
P38822	1	2	0	0	0	0	3
P38340	1	0	0	0	0	0	1
P36054	1	0	0	0	0	0	1
P53301	0	1	0	0	0	0	1
P25355	0	1	0	0	0	0	1
P24279	0	2	0	0	0	0	2
Q12108	0	1	0	0	0	0	1
P41813	1	1	0	0	0	0	2
P07278	0	3	0	0	0	0	3
P38787	2	0	0	0	0	0	2
Q05583	0	0	4	0	0	0	4
P40161	0	1	0	0	0	0	1
P53283	1	0	0	0	0	0	1
P32770	0	2	0	0	0	0	2
P36090	1	1	0	0	0	0	2
P25558	1	0	0	0	0	0	1
Q12452	0	1	0	0	0	0	1
P38227	1	0	0	0	0	0	1
Q99176	0	1	0	0	0	0	1
P06100	1	0	0	0	0	0	1
P32568	3	3	0	0	0	0	6
Q04439	1	2	0	0	0	0	3
Q03533	0	1	0	0	0	0	1
P39002	1	0	0	0	0	0	1
P34217	0	1	0	0	0	0	1
Q04839	1	0	0	0	0	0	1
P39535	1	1	0	0	0	0	2
P31539	2	3	0	0	0	0	5
P25719	0	1	0	0	0	0	1
P53309	0	1	0	0	0	0	1
P23201	2	1	0	0	0	0	3
P53875	0	2	0	0	0	0	2
P07267	1	0	0	0	0	0	1
Q08162	0	4	0	0	0	0	4
P39904	1	0	0	0	0	0	1
Q00245	0	1	0	0	0	0	1
P40348	0	2	0	0	0	0	2
Q00362	0	0	1	0	0	0	1
P50110	1	1	0	0	0	0	2
P07172	0	1	0	0	0	0	1
P20424	0	3	0	0	0	0	3
P38742	1	0	0	0	0	0	1
P25617	1	0	0	0	0	0	1
P35189	2	0	0	0	0	0	2
Q07528	0	1	0	0	0	0	1
Q12009	1	0	0	0	0	0	1
Q99296	1	0	0	0	0	0	1
P38620	0	2	0	0	0	0	2
Q08157	1	0	0	0	0	0	1
P89102	1	0	0	0	0	0	1
P47120	2	0	0	0	0	0	2
P35734	1	0	0	0	0	0	1
P40030	1	0	0	0	0	0	1
P22149	1	0	0	0	0	0	1
Q00776	1	1	0	0	0	0	2
Q12305	0	1	0	0	0	0	1
Q06681	2	1	0	0	0	0	3
Q03648	1	0	0	0	0	0	1
Q04781	0	1	0	0	0	0	1
P25573	2	0	0	0	0	0	2
P02407	1	0	0	0	0	0	1
P38682	0	1	0	0	0	0	1
P36112	3	0	0	0	0	0	3
Q04869	1	1	0	0	0	0	2
Q12180	0	2	0	0	0	0	2
P25569	0	0	2	0	0	0	2
Q06625	1	3	0	0	0	0	4
P32474	0	3	0	0	0	0	3
P38781	0	1	0	0	0	0	1
Q12427	1	0	0	0	0	0	1
P40317	1	0	0	0	0	0	1
Q06389	0	3	0	0	0	0	3
P32191	1	1	0	0	0	0	2
P38323	0	2	0	0	0	0	2
Q03834	0	5	0	0	0	0	5
P32912	0	1	0	0	0	0	1
P38959	1	0	0	0	0	0	1
Q12168	1	0	0	0	0	0	1
Q01919	0	1	0	0	0	0	1
P53303	2	0	0	0	0	0	2
Q07657	0	1	0	0	0	0	1
P41807	2	0	0	0	0	0	2
P54730	1	1	0	0	0	0	2
Q12019	0	8	0	0	0	0	8
Q12049	1	0	0	0	0	0	1
P32074	1	2	0	0	0	0	3
P38879	1	0	0	0	0	0	1
Q06523	1	0	0	0	0	0	1
P53078	0	1	0	0	0	0	1
P20448	1	2	0	0	0	0	3
P22211	0	1	0	0	0	0	1
Q05931	1	0	0	0	0	0	1
P50875	1	0	0	0	0	0	1
P11491	0	1	0	0	0	0	1
P54791	1	0	0	0	0	0	1
P53925	1	1	0	0	0	0	2
P28239	0	1	0	0	0	0	1
Q04347	1	0	0	0	0	0	1
P38811	2	0	0	0	0	0	2
P0CX27	1	0	0	0	0	0	1
P43585	1	1	0	0	0	0	2
P19263	1	0	0	0	0	0	1
Q12186	0	3	0	0	0	0	3
P00330	1	1	0	0	0	0	2
P41734	1	0	0	0	0	0	1
P12385	0	3	0	0	0	0	3
P36047	0	0	1	0	0	0	1
P0C2H9	1	0	0	0	0	0	1
P36151	0	2	0	0	0	0	2
P42839	2	1	0	0	0	0	3
P17629	1	0	0	0	0	0	1
P38989	0	3	0	0	0	0	3
P34163	0	1	0	0	0	0	1
Q08562	2	0	0	0	0	0	2
P43613	0	1	0	0	0	0	1
Q05515	0	2	0	0	0	0	2
P46683	0	0	1	0	0	0	1
Q08921	1	0	0	0	0	0	1
P40561	0	1	0	0	0	0	1
P33412	0	2	0	0	0	0	2
P36121	1	0	0	0	0	0	1
P20606	0	1	0	0	0	0	1
P29366	0	3	0	0	0	0	3
P35202	0	2	0	0	0	0	2
P54964	1	0	0	0	0	0	1
P53067	0	1	0	0	0	0	1
P25386	2	0	0	0	0	0	2
P43620	1	0	0	0	0	0	1
P34110	1	0	0	0	0	0	1
P32485	0	1	0	0	0	0	1
P40007	1	0	0	0	0	0	1
P53121	1	1	0	0	0	0	2
P40529	0	1	0	0	0	0	1
P32368	1	0	0	0	0	0	1
Q12000	0	1	0	0	0	0	1
P32588	0	3	0	0	0	0	3
P38087	3	0	0	0	0	0	3
P46677	1	1	0	0	0	0	2
P38175	1	0	0	0	0	0	1
P52917	0	3	0	0	0	0	3
P42937	0	1	0	0	0	0	1
P38066	1	0	0	0	0	0	1
Q07878	4	0	1	0	0	0	5
Q07979	0	1	0	0	0	0	1
P29703	0	0	4	0	0	0	4
P33441	1	0	0	0	0	0	1
P39683	1	0	0	0	0	0	1
Q12674	4	1	0	0	0	0	5
Q12502	1	0	0	0	0	0	1
P32855	0	1	0	0	0	0	1
Q05881	1	0	0	0	0	0	1
P38288	1	1	0	0	0	0	2
P36081	1	0	0	0	0	0	1
P32333	3	0	0	0	0	0	3
P38203	0	1	0	0	0	0	1
Q04673	1	1	0	0	0	0	2
P53296	1	0	0	0	0	0	1
P53617	1	1	0	0	0	0	2
P46655	0	2	0	0	0	0	2
Q12494	1	0	0	0	0	0	1
P36094	1	0	0	0	0	0	1
P20486	0	1	0	0	0	0	1
P54000	0	1	0	0	0	0	1
Q03103	1	0	0	0	0	0	1
P53629	1	0	0	0	0	0	1
P53305	1	0	0	0	0	0	1
Q07897	1	0	0	0	0	0	1
P53196	0	0	2	0	0	0	2
P36528	1	0	0	0	0	0	1
P32366	1	0	0	0	0	0	1
P46970	0	1	0	0	0	0	1
Q3E833	1	0	0	0	0	0	1
P40513	0	1	0	0	0	0	1
P48562	0	3	0	0	0	0	3
P23642	1	0	0	0	0	0	1
P39678	0	1	0	0	0	0	1
P35688	0	3	0	0	0	0	3
P11709	0	1	0	0	0	0	1
P17076	0	1	0	0	0	0	1
P38351	1	0	0	0	0	0	1
P38932	1	0	0	0	0	0	1
P52923	0	1	0	0	0	0	1
P36008	0	3	0	0	0	0	3
P38968	2	1	2	0	0	0	5
P38165	0	1	0	0	0	0	1
Q12400	1	0	0	0	0	0	1
P32341	1	0	0	0	0	0	1
P39726	0	1	0	0	0	0	1
P39109	2	2	0	0	0	0	4
P06775	1	0	0	0	0	0	1
P53258	1	1	0	0	0	0	2
P35180	1	0	0	0	0	0	1
Q12117	0	1	0	0	0	0	1
P43535	0	3	0	0	0	0	3
P25623	0	1	0	0	0	0	1
Q08208	0	1	0	0	0	0	1
P08539	0	1	0	0	0	0	1
P47075	1	1	0	0	0	0	2
P39538	1	0	0	0	0	0	1
P08018	0	1	0	0	0	0	1
P04786	2	1	0	0	0	0	3
P07560	0	1	0	0	0	0	1
Q7LHG5	2	1	0	0	0	0	3
Q12099	1	1	0	0	0	0	2
P25302	0	1	0	0	0	0	1
P35207	1	3	0	0	0	0	4
P15179	0	2	0	0	0	0	2
Q04372	1	0	0	0	0	0	1
P18562	0	1	0	0	0	0	1
P25303	0	3	0	0	0	0	3
P40012	0	1	0	0	0	0	1
P53193	0	2	0	0	0	0	2
Q01163	1	0	0	0	0	0	1
Q00711	1	1	0	0	0	0	2
P36000	1	0	0	0	0	0	1
P06701	0	1	0	0	0	0	1
P43573	0	1	0	0	1	0	2
Q02555	1	1	0	0	0	0	2
Q05029	1	0	0	0	0	0	1
Q12010	0	0	2	0	0	0	2
P40202	0	2	0	0	0	0	2
P25385	0	1	0	0	0	0	1
P02992	0	3	0	0	0	0	3
P40517	1	0	0	0	0	0	1
P33753	1	1	0	0	0	0	2
Q04922	0	1	0	0	0	0	1
Q04693	1	1	0	0	0	0	2
Q02354	1	0	0	0	0	0	1
P39008	1	0	0	0	0	0	1
P24784	1	1	0	0	0	0	2
P37838	0	3	0	0	0	0	3
P17442	0	2	0	0	0	0	2
Q07451	1	0	0	0	0	0	1
Q02455	0	0	0	0	1	0	1
Q06679	0	0	1	0	0	0	1
P20604	0	1	0	0	0	0	1
P35179	1	0	0	0	0	0	1
P06778	1	0	0	0	0	0	1
P29547	0	3	0	0	0	0	3
Q01080	1	0	0	0	0	0	1
P50106	1	0	0	0	0	0	1
P32492	1	1	0	1	0	0	3
P12962	1	0	0	0	0	0	1
Q12515	1	0	0	0	0	0	1
P18851	0	0	4	0	0	0	4
Q08954	1	1	0	0	0	0	2
P0C2I6	2	1	0	0	0	0	3
Q04925	0	2	0	0	0	0	2
P53273	1	1	0	0	0	0	2
P34227	0	2	0	0	0	0	2
Q03735	0	2	0	0	0	0	2
P21269	0	2	0	0	0	0	2
P40548	1	0	0	0	0	0	1
P08466	0	1	0	0	0	0	1
P36521	1	0	0	0	0	0	1
P04710	3	0	0	0	0	0	3
Q07381	1	1	0	0	0	0	2
Q04031	1	0	0	0	0	0	1
P32480	1	0	0	0	0	0	1
P0CS90	1	0	0	0	0	0	1
P29952	1	0	0	0	0	0	1
P25847	0	5	0	0	0	0	5
P50101	3	0	0	0	0	0	3
Q06205	0	1	0	0	0	0	1
P32457	0	1	0	0	0	0	1
P48363	0	0	0	0	1	0	1
P53152	0	1	0	0	0	0	1
P04821	1	2	0	0	0	0	3
P15424	1	1	0	0	0	0	2
P02294	0	1	0	0	0	0	1
P53049	2	2	0	0	0	0	4
P29496	0	3	0	0	0	0	3
P40017	1	0	0	0	0	0	1
P12688	1	1	0	0	0	0	2
P19146	0	1	0	0	0	0	1
P19658	1	0	0	0	0	0	1
P41834	0	1	0	0	0	0	1
Q12486	1	0	0	0	0	0	1
Q12033	0	2	0	0	0	0	2
P38353	1	1	0	0	0	0	2
P22217	0	1	0	0	0	0	1
P15436	2	1	0	0	0	0	3
P33333	1	0	0	0	0	0	1
Q05779	0	1	0	0	0	0	1
P53091	0	3	0	0	0	0	3
P07213	2	0	1	0	0	0	3
P35191	0	3	0	0	0	0	3
P13259	0	1	0	0	0	0	1
Q12465	1	0	0	0	0	0	1
P25378	0	1	0	0	0	0	1
Q02939	1	0	0	0	0	0	1
P38274	1	2	0	0	0	0	3
P24276	0	1	0	0	0	0	1
P40498	1	0	0	0	0	0	1
Q12123	2	0	0	0	0	0	2
P35056	1	0	1	0	0	0	2
P38555	0	1	0	0	0	0	1
P25342	0	1	0	0	0	0	1
P02309	0	1	0	0	0	0	1
P01120	0	1	0	0	0	0	1
P38874	1	0	0	0	0	0	1
P53254	0	6	0	0	0	0	6
P53552	4	0	0	0	0	0	4
P33324	0	2	0	0	0	0	2
P40693	0	1	0	0	0	0	1
P39929	1	0	0	0	0	0	1
Q06628	1	0	0	0	0	0	1
Q08773	2	2	0	0	0	0	4
P38827	1	2	0	0	0	0	3
P47108	1	0	0	0	0	0	1
P36036	1	1	0	0	0	0	2
Q99394	1	0	0	0	0	0	1
P40433	0	2	0	0	0	0	2
Q07551	0	1	0	0	0	0	1
P32904	0	2	0	0	0	0	2
P47082	1	0	0	0	0	0	1
P32771	1	1	0	0	0	0	2
P32589	1	0	0	0	0	0	1
Q04080	1	0	0	0	0	0	1
P38143	1	0	0	0	0	0	1
P36135	1	0	0	0	0	0	1
O13585	1	0	0	0	0	0	1
Q99189	1	0	0	0	0	0	1
P31385	1	0	0	0	0	0	1
P53973	1	1	0	0	0	0	2
Q04322	1	0	0	0	0	0	1
P38431	2	0	0	0	0	0	2
P32911	0	1	0	0	0	0	1
Q06839	0	3	0	0	0	0	3
P32356	0	2	0	0	0	0	2
P32832	1	0	0	0	0	0	1
P04801	1	3	0	0	0	0	4
P08566	2	4	0	0	0	0	6
Q06705	0	2	0	0	0	0	2
P24384	1	3	0	0	0	0	4
P26570	1	1	0	0	0	0	2
P46678	0	1	0	0	0	0	1
P0CX34	1	0	0	0	0	0	1
P38333	1	0	0	0	0	0	1
P27801	2	0	0	0	0	0	2
P32466	1	0	0	0	0	0	1
Q03778	0	1	0	0	0	0	1
P53201	0	1	0	0	0	0	1
Q12446	1	1	0	0	0	0	2
P53935	1	0	0	0	0	0	1
Q08444	1	1	0	0	0	0	2
Q06409	1	0	0	0	0	0	1
Q03496	1	0	0	0	0	0	1
P32561	0	1	0	0	0	0	1
Q02805	0	2	0	0	0	0	2
Q12751	2	0	0	0	0	0	2
P42846	2	0	0	0	0	0	2
P33759	0	2	0	0	0	0	2
P40339	0	2	0	0	0	0	2
P53734	1	1	0	0	0	0	2
P20434	0	2	0	0	0	0	2
P32259	1	0	0	0	0	0	1
Q12040	0	1	0	0	0	0	1
P36132	1	0	0	0	0	0	1
P19735	0	1	0	0	0	0	1
P53953	0	5	0	0	0	0	5
P09950	0	1	0	0	0	0	1
P40318	0	1	0	0	0	0	1
P47057	0	1	0	0	0	0	1
P38089	1	0	0	0	0	0	1
Q04214	2	1	0	0	0	0	3
P47164	0	1	0	0	0	0	1
Q12406	1	0	0	0	0	0	1
P25340	1	0	0	0	0	0	1
P22696	0	2	0	0	0	0	2
P39517	1	1	0	0	0	0	2
P24280	0	2	0	0	0	0	2
P48813	1	0	0	0	0	0	1
Q6Q547	1	0	0	0	0	0	1
P53322	1	0	0	0	0	0	1
Q12499	1	1	0	0	0	0	2
P38149	1	1	1	0	0	0	3
P12687	1	0	0	0	0	0	1
Q6Q560	1	0	0	0	0	0	1
Q06538	2	1	0	0	0	0	3
P15705	0	0	2	0	0	0	2
P14682	0	1	0	0	0	0	1
P47150	0	1	0	0	0	0	1
P11938	2	2	0	0	0	0	4
P37020	1	2	0	0	0	0	3
Q04599	0	1	0	0	0	0	1
P39956	1	2	0	0	0	0	3
P47143	1	0	0	0	0	0	1
P05453	0	3	0	0	0	0	3
P18900	0	1	0	0	0	0	1
P53119	0	1	0	0	0	0	1
Q04119	0	1	0	0	0	0	1
P21825	1	0	0	0	0	0	1
P48353	0	1	0	0	0	0	1
P38090	1	0	0	0	0	0	1
P40204	0	1	0	0	0	0	1
P38883	0	1	0	0	0	0	1
P49957	0	1	0	0	0	0	1
P23394	1	1	0	0	0	0	2
P47031	1	0	0	0	0	0	1
P07260	0	1	0	0	0	0	1
Q02892	1	1	0	0	0	0	2
P39004	1	0	0	0	0	0	1
Q03290	1	1	0	0	0	0	2
Q99258	1	0	0	0	0	0	1
P40395	1	0	0	0	0	0	1
Q02336	0	2	0	0	0	0	2
P23585	1	0	0	0	0	0	1
P38782	1	0	0	0	0	0	1
Q06338	1	0	0	0	0	0	1
P38922	0	3	0	0	0	0	3
P39743	0	2	0	0	0	0	2
P54861	2	1	0	0	0	0	3
Q08873	0	1	0	0	0	0	1
P04147	1	4	0	0	0	0	5
P34761	0	1	0	0	0	0	1
P04050	0	7	12	0	0	0	19
P53632	2	0	0	0	0	0	2
P32860	1	1	0	0	0	0	2
P21339	0	1	0	0	0	0	1
Q07804	1	0	0	0	0	0	1
Q03306	0	1	0	0	0	0	1
P38819	0	1	0	0	0	0	1
P16521	0	2	0	0	0	0	2
P23301	0	1	0	0	0	0	1
P53883	0	1	0	0	0	0	1
O13539	1	0	0	0	0	0	1
P29465	1	0	0	0	0	0	1
Q08237	1	0	0	0	0	0	1
Q12326	0	3	0	0	0	0	3
P29056	1	3	0	0	0	0	4
P19158	2	0	0	0	0	0	2
P38187	1	0	0	0	0	0	1
P23595	0	1	0	0	0	0	1
Q03254	2	0	0	0	0	0	2
P17695	0	1	0	0	0	0	1
P43609	1	3	0	0	0	0	4
P53040	0	2	0	0	0	0	2
P40545	1	0	0	0	0	0	1
P43639	0	1	0	0	0	0	1
P33202	0	1	0	0	0	0	1
Q12404	0	1	0	0	0	0	1
P33313	0	0	1	0	0	0	1
P38068	0	1	0	0	0	0	1
P40013	1	0	0	0	0	0	1
P30656	0	1	0	0	0	0	1
P40856	1	0	0	0	0	0	1
P34247	1	0	0	0	0	0	1
P32913	0	1	0	0	0	0	1
P36076	1	0	0	0	0	0	1
Q08962	1	0	0	0	0	0	1
P25555	0	3	0	0	0	0	3
P32844	1	0	0	0	0	0	1
Q06696	2	1	0	0	0	0	3
P53261	2	0	0	0	0	0	2
P36046	0	1	0	0	0	0	1
Q03497	0	2	0	0	0	0	2
P20081	0	1	0	0	0	0	1
Q01476	1	3	0	0	0	0	4
P53940	0	3	0	0	0	0	3
P53915	0	1	0	0	0	0	1
Q01939	0	1	0	0	0	0	1
Q03012	0	1	0	0	0	0	1
Q01159	0	2	0	0	0	0	2
P25339	0	0	8	0	0	0	8
P43556	1	2	0	0	0	0	3
P38347	1	0	0	0	0	0	1
P42941	0	1	0	0	0	0	1
Q03973	0	1	0	0	0	0	1
P32579	1	1	0	0	0	0	2
P50086	0	0	2	0	0	0	2
P36160	0	1	0	0	0	0	1
P12868	1	0	0	0	0	0	1
P52488	0	2	0	0	0	0	2
Q07800	1	0	0	0	0	0	1
P38145	0	2	0	0	0	0	2
P36124	0	1	0	0	0	0	1
P32367	1	0	0	0	0	0	1
P05374	2	0	0	0	0	0	2
Q03048	0	1	0	0	0	0	1
Q06543	0	1	0	0	0	0	1
P43633	1	0	0	0	0	0	1
P52593	1	0	0	0	0	0	1
P13382	3	1	0	0	0	0	4
Q05636	0	2	0	0	0	0	2
P26370	1	1	0	0	0	0	2
P14742	0	3	0	0	0	0	3
P38264	1	0	0	0	0	0	1
P38199	0	3	0	0	0	0	3
P40496	1	0	0	0	0	0	1
Q07418	1	0	0	0	0	0	1
P11972	0	2	0	0	0	0	2
P46992	1	1	0	0	0	0	2
P40541	1	0	0	0	0	0	1
P43621	0	1	0	0	0	0	1
P33329	1	1	0	0	0	0	2
P38085	1	0	0	0	0	0	1
P38700	1	0	0	0	0	0	1
P38167	0	1	0	0	0	0	1
Q02950	1	0	0	0	0	0	1
P47054	1	0	0	0	0	0	1
P28795	2	0	0	0	0	0	2
Q99247	1	0	0	0	0	0	1
P40516	0	1	0	0	0	0	1
P36048	1	4	0	0	0	0	5
P18852	0	1	0	0	0	0	1
P25366	0	2	0	0	0	0	2
P38788	1	0	0	0	0	0	1
P06115	1	1	0	0	0	0	2
Q08491	0	1	0	0	0	0	1
P30619	1	0	0	0	0	0	1
P53063	1	0	0	0	0	0	1
P53008	0	2	0	0	0	0	2
Q12060	1	0	0	0	0	0	1
P23503	0	1	0	0	0	0	1
Q08960	1	2	0	0	0	0	3
Q12500	1	0	0	0	0	0	1
P27929	0	1	0	0	0	0	1
P39104	3	0	0	0	0	0	3
P10363	1	0	0	0	0	0	1
P27476	0	2	0	0	0	0	2
P53169	1	0	0	0	0	0	1
P47136	0	1	0	0	0	0	1
P19659	1	1	0	0	0	0	2
P32569	1	0	0	0	0	0	1
P39926	1	1	0	0	0	0	2
P40509	1	0	0	0	0	0	1
Q00578	1	2	0	0	0	0	3
P50874	1	1	0	0	0	0	2
P34756	3	1	0	0	0	0	4
P15891	0	2	0	0	0	0	2
Q07915	1	0	0	0	0	0	1
P53256	0	2	0	0	0	0	2
P48567	1	0	0	0	0	0	1
P40494	0	1	0	0	0	0	1
P07273	0	3	0	0	0	0	3
P14743	0	2	0	0	0	0	2
P28263	0	1	0	0	0	0	1
P32578	2	0	0	0	0	0	2
Q05958	1	1	0	0	0	0	2
P53267	1	0	0	0	0	0	1
P40341	2	1	0	0	0	0	3
P41277	0	1	0	0	0	0	1
P25582	2	1	0	0	0	0	3
P53941	0	1	0	0	0	0	1
Q12234	0	1	0	0	0	0	1
Q06512	1	0	0	0	0	0	1
P53125	2	1	0	0	0	0	3
P53739	0	1	0	0	0	0	1
P25554	0	1	0	0	0	0	1
P11075	2	2	0	0	0	0	4
P38713	1	1	0	0	0	0	2
P53729	0	2	0	0	0	0	2
Q99210	0	1	0	0	0	0	1
P13393	0	2	0	0	0	0	2
P16892	0	1	0	0	0	0	1
P40087	0	2	0	0	0	0	2
P38996	0	1	0	0	0	0	1
P16451	1	1	0	0	0	0	2
P53951	1	0	0	0	0	0	1
P32623	0	1	0	0	0	0	1
P32497	2	1	0	0	0	0	3
P38193	1	0	0	0	0	0	1
P34221	1	0	0	0	0	0	1
P33296	0	1	0	0	0	0	1
Q00955	2	4	0	0	0	0	6
Q06673	2	0	0	0	0	0	2
Q05359	0	1	0	0	0	0	1
P47104	1	0	0	0	0	0	1
Q12466	0	4	0	0	0	0	4
P07257	1	0	0	0	0	0	1
P20449	1	1	0	0	0	0	2
P38904	2	0	0	0	0	0	2
Q08269	2	0	0	0	0	0	2
Q06106	0	5	0	0	0	0	5
P38698	2	0	0	0	0	0	2
P42934	2	1	0	0	0	0	3
Q06245	1	0	0	0	0	0	1
Q03102	2	0	0	0	0	0	2
P40483	1	0	0	0	0	0	1
P35691	0	1	0	0	0	0	1
P40345	1	0	0	0	0	0	1
Q03020	1	0	0	0	0	0	1
P25491	0	3	0	0	0	0	3
Q12242	0	1	0	0	0	0	1
P53086	0	1	0	0	0	0	1
P36516	0	1	0	0	0	0	1
Q04632	1	0	0	0	0	0	1
Q12030	1	0	0	0	0	0	1
Q08096	0	2	0	0	0	0	2
P38164	1	0	0	0	0	0	1
P09959	0	0	2	0	0	0	2
Q05543	1	0	0	0	0	0	1
P25037	1	0	0	0	0	0	1
P38069	1	0	0	0	0	0	1
Q06440	0	1	4	0	0	0	5
Q08951	1	0	0	0	0	0	1
P21965	0	1	0	0	0	0	1
P35718	0	2	0	0	0	0	2
P40308	2	0	0	0	0	0	2
Q08732	0	1	0	0	0	0	1
Q03441	1	0	0	0	0	0	1
Q02804	0	1	0	0	0	0	1
P25808	1	2	0	0	0	0	3
P53252	1	0	0	0	0	0	1
P32897	1	0	0	0	0	0	1
P53131	1	3	0	0	0	0	4
Q12463	0	1	0	0	0	0	1
P36130	1	0	4	0	0	0	5
P00546	0	1	0	0	0	0	1
P25375	1	0	0	0	0	0	1
P14164	2	0	0	0	0	0	2
P38736	0	1	0	0	0	0	1
P32582	1	2	0	0	0	0	3
P39960	1	3	0	0	0	0	4
P53848	0	4	0	0	0	0	4
P29055	0	3	0	0	0	0	3
P53104	1	1	0	0	0	0	2
Q04636	0	3	0	0	0	0	3
P36120	1	2	0	0	0	0	3
P32500	1	0	0	0	0	0	1
P40335	1	0	0	0	0	0	1
Q12267	0	2	0	0	0	0	2
Q03201	1	0	0	0	0	0	1
P18962	1	1	0	0	0	0	2
P32642	0	2	0	0	0	0	2
Q06688	0	1	0	0	0	0	1
P17555	2	0	0	0	0	0	2
P36126	2	0	0	0	0	0	2
P32494	1	0	0	0	0	0	1
Q99316	0	1	0	0	0	0	1
Q08179	1	0	0	0	0	0	1
P40038	2	0	0	0	0	0	2
P53741	0	1	0	0	0	0	1
P53312	0	2	0	0	0	0	2
P32831	0	2	0	0	0	0	2
P34909	0	1	0	0	0	0	1
P50108	1	0	0	0	0	0	1
P38853	0	1	2	0	0	0	3
P53879	0	1	0	0	0	0	1
Q03337	1	0	0	0	0	0	1
P05030	1	2	0	0	0	0	3
P54003	1	0	0	0	0	0	1
Q05567	0	1	0	0	0	0	1
Q03264	0	1	0	0	0	0	1
P36037	0	2	4	0	0	0	6
P25651	1	0	0	0	0	0	1
Q12432	2	0	0	0	0	0	2
P29539	1	0	0	0	0	0	1
P11076	0	1	0	0	0	0	1
P36519	0	2	0	0	0	0	2
Q12199	1	0	0	0	0	0	1
P25333	0	1	0	0	0	0	1
P30624	1	0	0	0	0	0	1
P10614	0	1	0	0	0	0	1
P40468	5	0	0	0	0	0	5
P06785	0	1	0	0	0	0	1
P25574	1	0	0	0	0	0	1
P18961	1	1	0	0	0	0	2
P41832	1	2	0	0	0	0	3
Q08004	1	0	0	0	0	0	1
Q06631	1	1	0	0	0	0	2
P43565	0	3	0	0	0	0	3
P40505	1	0	0	0	0	0	1
P22354	0	1	0	0	0	0	1
P38221	1	0	0	0	0	0	1
Q06344	0	1	0	0	0	0	1
P32523	0	1	0	0	0	0	1
P32495	0	1	0	0	0	0	1
P32499	1	1	0	0	0	0	2
P39928	0	3	0	0	0	0	3
P53843	1	0	0	0	0	0	1
P51862	1	3	0	0	0	0	4
P47771	1	0	0	0	0	0	1
P27614	1	1	0	0	0	0	2
P25655	1	5	0	0	0	0	6
P54781	0	1	0	0	0	0	1
Q02785	3	3	0	0	0	0	6
P53155	1	0	0	0	0	0	1
P36015	1	1	0	0	0	0	2
Q06632	1	0	0	0	0	0	1
Q08959	1	0	0	0	0	0	1
P08964	0	1	0	0	0	0	1
P25371	1	1	0	0	0	0	2
P38225	1	0	0	0	0	0	1
P32806	1	0	0	0	0	0	1
P53331	1	0	0	0	0	0	1
P40075	0	1	0	0	0	0	1
Q08967	1	1	0	0	0	0	2
P21560	1	0	0	0	0	0	1
P38801	1	0	0	0	0	0	1
P10080	0	1	0	0	0	0	1
P38873	0	1	1	0	0	0	2
P48606	0	1	0	0	0	0	1
Q06407	0	2	0	0	0	0	2
Q04305	1	0	3	0	0	0	4
P24583	3	4	0	0	0	0	7
Q08686	0	2	0	0	0	0	2
P38911	0	1	0	0	0	0	1
P40053	1	0	0	0	0	0	1
P14693	1	0	0	0	0	0	1
P38749	1	0	0	0	0	0	1
P38814	1	0	0	0	0	0	1
Q04969	1	0	0	0	0	0	1
P53622	2	0	5	0	0	0	7
Q12298	0	2	0	0	0	0	2
P13586	2	2	0	0	0	0	4
P40970	0	1	0	0	0	0	1
Q02784	0	1	0	0	0	0	1
P42838	1	0	0	0	0	0	1
P53128	0	1	0	0	0	0	1
P53206	1	0	0	0	0	0	1
P39704	0	1	0	0	0	0	1
P40825	2	1	0	0	0	0	3
P53927	0	1	0	0	0	0	1
P53550	0	2	0	0	0	0	2
Q04432	0	1	0	0	0	0	1
P36106	0	3	0	0	0	0	3
Q12166	0	2	0	0	0	0	2
P25376	1	0	0	0	0	0	1
Q3E705	1	0	0	0	0	0	1
Q03897	0	1	0	0	0	0	1
P20107	1	0	0	0	0	0	1
P38889	0	2	0	0	0	0	2
P32419	1	1	0	0	0	0	2
P43555	0	1	0	0	0	0	1
P05986	0	1	0	0	0	0	1
Q08235	0	1	0	0	0	0	1
P38289	1	0	0	0	0	0	1
P43321	0	1	0	0	0	0	1
P53313	1	1	0	0	0	0	2
P38113	1	1	0	0	0	0	2
P53163	0	2	0	0	0	0	2
P22202	1	0	0	0	0	0	1
P40051	0	2	0	0	0	0	2
Q12004	0	1	0	0	0	0	1
P53946	2	0	0	0	0	0	2
P25343	0	1	0	0	0	0	1
P47912	1	0	0	0	0	0	1
P25441	1	0	0	0	0	0	1
Q03654	1	2	0	0	0	0	3
P20457	1	0	0	0	0	0	1
P43603	1	1	0	0	0	0	2
Q04545	0	1	0	0	0	0	1
P38793	1	0	0	0	0	0	1
P39985	1	0	0	0	0	0	1
P46990	0	1	0	0	0	0	1
P50105	1	0	0	0	0	0	1
P40453	1	0	0	0	0	0	1
P36114	1	0	0	0	0	0	1
P08432	0	2	0	0	0	0	2
P0C0T4	1	0	0	0	0	0	1
Q05580	0	1	0	0	0	0	1
P53388	1	0	0	0	0	0	1
P15454	0	1	0	0	0	0	1
P40581	1	0	0	0	0	0	1
Q12277	0	2	0	0	0	0	2
P32467	1	0	0	0	0	0	1
P09064	1	0	0	0	0	0	1
P33775	2	1	0	0	0	0	3
Q12321	0	1	0	0	0	0	1
P25043	1	1	0	0	0	0	2
Q05521	1	0	0	0	0	0	1
P32600	4	1	0	0	0	0	5
Q06554	2	1	0	0	0	0	3
P07258	0	2	0	0	0	0	2
P25360	1	1	0	0	0	0	2
P41697	1	0	0	0	0	0	1
P47170	1	1	0	0	0	0	2
P33399	0	2	0	0	0	0	2
Q06385	1	0	0	0	0	0	1
Q06630	1	0	0	0	0	0	1
P36024	1	0	0	0	0	0	1
P26754	0	2	0	0	0	0	2
P40540	1	0	0	0	0	0	1
P28007	0	1	0	0	0	0	1
Q03532	1	2	0	0	0	0	3
Q05791	1	0	0	0	0	0	1
P32775	0	3	0	0	0	0	3
P32476	1	0	0	0	0	0	1
P22136	1	0	0	0	0	0	1
P52893	0	1	0	0	0	0	1
P32461	1	0	0	0	0	0	1
P39013	3	0	0	0	0	0	3
P06786	3	2	0	0	0	0	5
P40079	1	0	0	0	0	0	1
P40416	1	1	0	0	0	0	2
Q01329	1	0	0	0	0	0	1
Q06142	0	1	1	0	0	0	2
Q06698	1	3	0	0	0	0	4
P38920	1	2	0	0	0	0	3
P35735	1	0	0	0	0	0	1
Q12018	1	1	0	0	0	0	2
P53874	1	0	0	0	0	0	1
P53829	1	0	0	0	0	0	1
Q12676	0	1	0	0	0	0	1
P39102	0	3	0	0	0	0	3
Q06623	0	1	0	0	0	0	1
P38753	0	2	0	0	0	0	2
P40477	1	0	0	0	0	0	1
Q12447	1	0	0	0	0	0	1
P35194	1	0	0	0	0	0	1
P50942	1	1	0	0	0	0	2
P15625	0	1	0	0	0	0	1
Q03246	0	1	0	0	0	0	1
P29478	1	0	0	0	0	0	1
P06105	0	7	0	0	0	0	7
P47103	0	1	1	0	0	0	2
P32787	1	0	0	0	0	0	1
Q12455	0	2	0	0	0	0	2
P40991	1	1	0	0	0	0	2
P53834	0	1	0	0	0	0	1
P32468	0	1	0	0	0	0	1
Q12034	0	1	0	0	0	0	1
P38999	1	1	0	0	0	0	2
P36004	0	1	0	0	0	0	1
P48231	0	4	0	0	0	0	4
P53241	1	0	0	0	0	0	1
P40959	0	1	0	0	0	0	1
P53599	0	1	0	0	0	0	1
P53397	1	1	0	0	0	0	2
P38129	1	1	6	0	0	0	8
Q12697	3	1	0	0	0	0	4
P23594	0	1	0	0	0	0	1
Q06217	0	1	0	0	0	0	1
P14681	0	1	0	0	0	0	1
P35169	4	1	0	0	0	0	5
P33338	1	1	0	0	0	0	2
P36520	1	0	0	0	0	0	1
P08524	0	1	0	0	0	0	1
P38439	1	0	0	0	0	0	1
P43612	1	0	0	0	0	0	1
Q12035	1	0	0	0	0	0	1
P38817	0	3	0	0	0	0	3
P20084	0	1	0	0	0	0	1
Q12451	1	1	1	0	0	0	3
Q02796	1	0	0	0	0	0	1
Q08230	0	1	0	0	0	0	1
P38623	0	1	0	0	0	0	1
P25618	1	0	0	0	0	0	1
P53615	0	1	0	0	0	0	1
Q04500	1	0	0	0	0	0	1
P37296	1	0	0	0	0	0	1
Q12263	0	2	0	0	0	0	2
Q01477	1	0	0	0	0	0	1
P53065	1	0	0	0	0	0	1
Q02908	2	1	0	0	0	0	3
P40064	0	2	0	0	0	0	2
Q03649	0	1	0	0	0	0	1
P53076	1	1	0	0	0	0	2
P38985	0	1	0	0	0	0	1
P53272	1	0	0	0	0	0	1
Q08920	0	1	0	0	0	0	1
P38297	0	1	0	0	0	0	1
P38629	0	2	0	0	0	0	2
P25638	0	1	0	0	0	0	1
P28319	0	0	1	0	0	0	1
P36068	1	0	0	0	0	0	1
P13856	0	1	0	0	0	0	1
P36165	2	0	0	0	0	0	2
P32629	1	0	0	0	0	0	1
P47077	0	0	4	0	0	0	4
P53949	0	1	0	0	0	0	1
P32893	1	0	0	0	0	0	1
Q05946	0	1	7	0	0	0	8
P53327	4	2	0	0	0	0	6
P36013	0	2	0	0	0	0	2
P40069	0	1	0	0	0	0	1
